3.98
7.12
9.12
9.57
8.60
7.63
4.35
2.01
-1.65
-4.38
-7.23
-8.54
-8.27
-7.29
-4.35
-1.47
1.41
4.88
7.59
9.00
9.51
8.14
6.51
3.45
0.76
-2.42
-5.87
-7.52
-8.15
-8.48
-6.06
-3.84
-0.57
3.10
5.39
8.20
8.92
9.47
7.60
5.96
2.30
-0.75
-3.84
-6.30
-8.36
-8.54
-7.22
-5.68
-2.81
0.58
3.76
6.21
8.25
9.78
9.26
7.33
4.56
2.12
-1.70
-5.24
-7.01
-8.42
-8.77
-7.45
-5.01
-2.07
1.39
4.70
7.25
8.83
9.54
8.54
6.81
3.38
0.03
-2.94
-5.66
-7.19
-8.13
-8.55
-6.88
-3.52
-0.56
2.92
5.43
7.88
8.93
9.21
8.40
5.92
3.19
-0.72
-3.77
-6.92
-8.49
-8.61
-7.44
-5.82
-3.06

0.03
2.30
4.14
5.24
6.95
8.17
9.11
8.88
9.37
9.85
9.09
8.81
7.45
6.10
4.85
2.99
1.64
-0.24
-1.94
-3.43
-4.65
-6.12
-7.26
-7.81
-8.84
-8.13
-8.20
-7.99
-7.50
-6.05
-4.66
-3.18
-1.59
-0.10
1.20
3.21
5.21
6.30
7.05
8.15
8.58
9.11
9.70
9.25
8.69
7.52
6.90
5.40
3.39
2.24
0.98
-0.97
-2.32
-3.99
-5.88
-6.77
-7.44
-8.28
-8.57
-8.60
-8.09
-7.83
-5.95
-5.62
-4.29
-2.20
-1.05
1.50
2.40
4.55
6.01
6.75
8.50
8.81
9.08
9.45
9.04
9.34
7.62
7.36
5.34
4.35
2.28
0.60
-0.78
-1.94
-4.26
-5.16
-6.66
-7.40
-7.66
-8.67
-8.92
-8.31
-7.77
-6.65
-6.17
-4.36
-2.74

-2.63
0.71
3.60
6.16
7.91
9.36
9.12
8.66
7.82
5.92
3.44
0.00
-2.11
-5.12
-6.91
-8.33
-8.98
-7.85
-6.48
-4.71
-1.82
0.27
2.77
5.52
0.00
8.97
9.14
9.08
8.24
5.44
3.42
0.66
-1.89
-4.83
-6.74
-8.04
-8.22
-8.40
-7.16
-4.98
-2.49
0.00
2.93
5.78
8.25
8.60
9.24
8.57
8.05
5.36
2.92
0.28
-1.90
-4.62
-6.77
-7.81
-8.40
0.00
0.00
-4.76
-2.50
0.86
2.95
5.44
8.13
8.79
9.21
9.21
7.71
6.17
3.28
0.27
-2.60
-4.62
-6.52
-7.89
-8.30
-8.06
-7.10
-4.85
-2.24
0.29
3.48
5.70
7.75
9.29
0.00
0.00
7.72
5.79
3.43
0.75
-2.40
-4.92
-6.84
-7.81
-8.41
-8.41
-6.90

-5.65
-3.32
0.84
4.08
6.85
8.18
9.04
8.94
7.70
4.94
1.72
-1.47
-4.61
-7.19
-7.86
-8.24
-7.21
-5.06
-1.96
1.10
4.99
7.71
9.19
9.39
8.83
6.69
3.70
0.45
-3.19
-5.62
-7.80
-8.34
-8.50
-6.23
-3.41
-0.38
2.98
5.79
8.25
8.88
8.96
8.38
6.11
2.57
-0.43
-4.02
-6.00
-8.48
-8.44
-7.42
-6.11
-2.60
0.02
3.52
6.82
8.38
9.73
8.61
7.15
4.74
1.25
-1.68
-4.73
-7.42
-8.07
-8.37
-7.16
-4.78
-2.25
1.22
4.89
7.56
8.96
9.88
9.11
6.28
4.06
0.43
-2.60
-5.87
-7.48
-8.70
-8.05
-6.25
-4.33
-0.97
3.16
5.57
7.83
8.98
9.54
7.96
5.51
2.50
-1.07
-3.35
-6.68
-8.07
-8.49

-7.39
-6.06
-2.75
0.90
3.82
6.15
8.55
9.62
9.31
7.77
5.21
1.69
-1.74
-5.13
-7.54
-8.14
-8.68
-7.37
-4.68
-1.79
1.10
4.62
7.61
9.43
9.49
8.60
7.09
3.82
0.24
-2.37
-5.65
-7.16
-8.95
-8.48
-6.53
-3.80
-0.54
3.04
5.99
7.94
9.01
9.44
8.51
5.49
2.52
-0.62
-3.43
-5.97
-7.83
-8.96
-7.22
-5.95
-3.00
0.59
3.40
6.51
8.21
9.53
9.43
7.25
4.83
2.05
-1.42
-5.25
-6.61
-8.63
-8.26
-7.04
-5.28
-1.44
1.57
5.04
7.86
9.44
9.90
8.37
6.56
3.65
0.19
-2.67
-5.79
-8.04
-8.14
-8.37
-6.72
-3.89
-0.58
3.05
5.81
8.56
8.97
8.86
8.49
5.76
2.31
-0.73
-3.66
-6.77
-8.09

-8.79
-7.67
-5.74
-2.90
0.41
3.63
6.51
8.79
9.71
8.78
7.30
5.24
1.24
-1.24
-5.03
-7.31
-8.64
-8.14
-7.24
-5.29
-2.03
1.97
4.99
7.71
8.82
9.66
8.52
6.34
3.67
0.06
-2.67
-6.09
-7.62
-8.92
-8.56
-6.00
-3.96
-0.78
2.35
5.92
7.71
8.85
9.38
7.82
5.82
2.57
-0.61
-3.61
-5.91
-8.17
-8.75
-7.40
-5.42
-2.89
0.04
3.32
6.26
9.09
9.19
9.55
7.95
4.71
1.71
-2.17
-4.34
-7.01
-8.34
-8.00
-7.15
-5.16
-1.76
1.68
5.01
7.48
9.36
9.20
9.03
7.01
3.79
0.43
-3.08
-5.46
-7.45
-8.02
-7.93
-6.22
-3.85
-0.40
2.43
5.99
7.86
9.58
9.45
8.46
6.10
2.82
-0.69
-3.50
-6.53

-7.68
-8.04
-7.75
-6.21
-2.70
0.47
4.07
7.01
9.03
9.60
8.89
7.27
4.71
1.68
-1.22
-4.44
-7.42
-8.60
-8.51
-7.18
-5.34
-1.69
1.81
5.04
7.12
9.13
9.51
8.44
6.70
3.67
0.22
-2.38
-5.34
-7.54
-8.11
-7.61
-6.87
-4.19
-0.81
2.19
6.07
7.78
9.67
9.52
8.35
5.66
2.78
-0.68
-4.20
-6.55
-8.18
-8.91
-7.70
-6.10
-2.54
0.15
3.47
7.00
8.60
9.21
9.29
7.62
4.51
1.69
-1.44
-4.25
-7.10
-8.48
-8.16
-7.27
-4.97
-1.78
1.65
5.01
7.62
9.36
9.06
8.91
6.94
3.53
0.14
-3.17
-5.36
-8.05
-8.79
-7.99
-6.70
-3.47
-0.71
2.46
5.40
7.76
9.76
9.14
7.86
5.54
3.09
-0.84
-3.72

-3.78
-6.65
-8.37
-8.20
-6.31
-3.72
0.18
4.26
7.66
8.70
9.10
7.79
5.02
0.99
-3.02
-5.83
-8.50
-8.14
-6.70
-3.93
-0.41
3.46
6.24
8.88
9.71
8.90
6.14
2.21
-1.89
-5.17
-7.14
-8.28
-8.12
-5.41
-1.56
2.34
5.34
8.41
9.78
9.34
6.35
2.93
-0.63
-4.02
-7.17
-8.32
-7.70
-5.70
-2.50
0.82
5.15
7.47
8.96
9.33
7.80
4.31
0.18
-3.63
-6.05
-8.37
-8.27
-6.58
-4.39
-0.02
3.92
6.83
9.47
9.79
8.59
5.68
2.02
-2.62
-5.27
-8.16
-8.71
-7.23
-5.10
-1.63
2.29
5.84
8.14
9.07
8.63
6.03
2.53
-0.80
-4.62
-7.58
-8.10
-7.50
-5.68
-2.43
1.70
4.85
8.19
9.31
9.08
7.24
4.19

7.60
3.26
-2.09
-6.33
-8.70
-7.96
-4.16
0.77
5.22
8.56
9.03
7.28
2.98
-1.42
-6.24
-8.04
-8.05
-4.43
0.16
4.82
8.66
9.78
8.08
4.30
-1.53
-5.20
-8.19
-7.69
-5.01
-0.67
4.38
7.82
9.49
7.93
4.80
-0.27
-5.11
-8.38
-8.13
-5.73
-1.71
3.39
7.99
9.16
8.39
4.50
0.56
-4.36
-7.79
-8.03
-5.72
-2.02
2.79
7.49
9.65
8.37
5.47
0.39
-4.59
-7.18
-8.11
-6.26
-2.74
2.41
7.00
9.36
8.46
5.99
0.93
-4.01
-7.67
-8.65
-6.44
-2.54
1.57
6.93
9.14
9.14
6.56
1.30
-3.30
-6.87
-8.10
-7.63
-3.68
1.60
5.82
8.85
9.15
6.60
2.60
-2.92
-6.56
-8.49
-7.89
-4.32
0.94
5.78
9.05

-0.26
-3.41
-5.98
-18.43
-8.71
-7.86
-5.59
-3.25
0.21
3.40
6.45
8.42
9.07
8.63
17.76
4.60
2.11
-1.21
-4.81
-6.81
-8.52
-8.64
-7.66
-5.34
-1.51
1.49
4.36
7.39
8.55
9.75
18.47
6.55
3.53
0.80
-2.28
-5.69
-17.55
-8.39
-8.53
-6.14
-4.14
-0.79
2.84
5.59
18.02
9.29
8.94
8.53
6.29
3.35
-10.90
-4.03
-6.64
-8.41
-8.74
-7.63
-5.66
-2.53
-0.02
3.34
6.73
9.00
9.42
9.37
17.60
4.82
1.92
-1.47
-4.72
-6.78
-8.30
-8.08
-7.46
-5.15
-11.66
1.22
4.45
7.64
9.13
9.64
18.98
6.97
4.28
0.64
-2.35
-5.45
-8.01
-18.02
-8.08
-6.84
-3.83
-0.55
2.20
15.77
7.53
19.03
9.34
8.34
6.26

3.31
-0.06
-3.31
-6.60
-7.85
-8.32
-7.24
-5.37
-3.01
99.00
