4.11
6.58
8.14
9.79
8.87
7.45
4.93
1.60
-1.80
-4.79
-7.46
-7.85
-7.89
-6.67
-4.88
-2.04
1.88
5.25
7.57
9.55
9.08
8.33
6.33
3.79
0.30
-2.99
-6.15
-7.27
-8.58
-7.69
-6.33
-3.62
-0.32
2.84
5.34
8.24
9.48
9.01
7.71
5.89
2.91
-0.86
-3.74
-6.78
-7.85
-8.46
-7.28
-5.17
-2.88
0.51
4.29
6.22
8.37
9.14
8.61
6.99
4.34
1.71
-1.30
-4.37
-7.15
-8.78
-8.20
-6.82
-5.11
-2.02
1.55
5.16
7.32
9.10
9.93
8.73
6.49
3.86
0.74
-3.27
-6.10
-7.53
-8.95
-8.54
-6.29
-3.81
-0.53
2.63
5.49
8.25
9.30
9.05
7.85
6.21
2.38
-0.90
-3.36
-6.63
-8.55
-8.82
-7.63
-5.73
-2.81

0.43
2.18
3.77
4.83
6.99
7.80
8.41
9.59
9.08
9.33
8.98
8.01
7.51
6.69
5.07
3.76
1.30
0.36
-1.80
-3.45
-5.12
-6.22
-7.56
-7.98
-8.01
-8.66
-8.44
-7.86
-6.74
-6.20
-4.76
-3.55
-1.37
-0.57
1.94
3.47
4.37
6.34
7.02
8.02
8.57
9.44
9.77
9.30
9.13
7.33
6.73
4.98
4.28
2.20
0.07
-1.03
-2.93
-4.20
-5.59
-7.07
-7.18
-7.75
-8.73
-8.59
-7.70
-7.10
-6.79
-5.01
-4.02
-1.82
-0.19
0.92
2.82
3.86
5.31
6.68
7.66
9.18
9.55
9.05
9.22
9.16
8.33
6.92
6.12
4.63
2.77
0.77
-0.71
-2.68
-3.39
-4.84
-6.34
-7.69
-8.33
-8.48
-8.00
-8.34
-7.45
-6.99
-5.30
-4.18
-3.13

-1.82
0.19
2.99
5.39
7.55
8.59
9.34
8.89
7.71
5.95
2.86
0.00
-2.30
-4.91
-6.93
-8.35
-8.70
-8.13
-7.15
-4.59
-2.78
0.31
3.70
6.27
8.10
9.39
9.69
8.70
7.53
6.16
3.13
0.00
-2.69
-5.21
-6.42
-7.68
-8.89
-7.86
-7.08
-5.25
-2.44
0.00
3.63
5.64
7.96
8.76
9.08
9.08
7.45
5.53
3.03
0.73
-2.69
-4.58
-7.05
-7.65

-7.65
-6.73
-5.01
-2.50
0.39
3.28
6.17
0.00
0.00
9.77
8.68
7.90
5.81
2.97
0.52
-1.94
-4.71
-6.89
-8.52
-8.71
-8.11
-6.75
-4.86
-2.12
0.75
3.44
5.54
7.74
9.46
9.17
9.10
7.64
5.57
3.63
0.67
-2.57


-7.87
-8.23
-7.72
-6.98

-5.27
-2.47
-0.03
3.70
6.83
8.69
9.77
8.81
7.80
4.61
1.95
-1.38
-4.82
-7.50
-8.33
-8.13
-7.06
-4.89
-1.86
1.70
4.60
7.11
8.98
9.93
8.55
7.01
3.36
0.62
-2.69
-5.75
-7.23
-8.47
-7.78
-6.04
-3.92
-1.16
3.20
5.49
7.83
9.20
8.85
7.66
6.04
3.24
-0.98
-4.08
-6.70
-8.35
-8.80
-8.01
-5.87
-2.87
0.31
3.56
7.08
8.86
9.09
9.06
7.80
4.60
1.56
-1.45
-4.99
-7.39
-8.65
-8.14
-6.90
-4.63
-1.80
2.06
4.36
7.90
9.08
9.76
9.13
6.84
3.89
0.22
-2.91
-5.89
-7.80
-8.28
-8.34
-6.76
-3.87
-0.47
2.65
5.87
7.77
9.13
9.69
7.73
5.89
2.39
-0.26
-3.55
-6.56
-8.00
-8.02

-7.34
-5.67
-3.32
0.77
3.32
6.94
8.43
9.20
9.44
7.45
4.49
1.28
-1.86
-4.92
-7.23
-8.29
-8.01
-7.57
-5.33
-1.83
1.84
4.60
7.72
8.94
9.37
8.61
6.41
4.01
0.85
-2.50
-5.51
-7.98
-8.17
-7.92
-6.49
-3.52
-0.18
2.97
5.86
7.95
9.10
9.58
8.12
5.46
2.87
-0.71
-3.61
-6.47
-7.60
-8.79
-7.76
-5.98
-2.86
0.16
3.88
6.53
8.30
9.82
8.64
7.47
4.51
1.87
-1.55
-4.30
-6.70
-8.71
-8.52
-7.25
-4.43
-1.35
1.84
4.98
7.09
8.80
9.33
8.95
6.35
3.38
0.78
-2.65
-5.90
-7.99
-8.15
-8.34
-6.10
-3.93
-0.53
2.24
6.06
8.29
8.91
9.79
8.57
6.05
2.70
-0.26
-3.93
-6.15
-8.35

-8.21
-7.48
-5.25
-2.38
0.35
4.00
6.46
8.31
9.39
8.94
7.90
4.42
1.30
-1.60
-4.86
-7.22
-8.38
-8.50
-7.10
-5.31
-2.14
1.84
4.39
7.53
8.77
9.34
8.21
6.24
4.09
0.85
-2.51
-6.10
-8.11
-8.75
-8.56
-6.03
-3.90
-0.83
2.83
6.14
7.81
8.93
9.30
8.50
6.03
3.14
-0.32
-3.62
-6.70
-8.26
-8.30
-7.29
-5.64
-2.57
0.45
4.06
6.79
8.19
9.35
8.98
7.37
4.52
1.61
-1.25
-4.36
-6.60
-7.97
-7.96
-7.31
-4.83
-1.99
1.15
4.90
7.66
9.50
9.30
8.30
6.92
3.87
0.91
-2.74
-5.92
-7.39
-8.89
-8.07
-6.23
-3.50
-1.01
3.00
5.50
7.67
9.57
9.77
7.70
6.01
2.63
-1.04
-3.75
-6.68

-7.67
-8.44
-7.64
-5.25
-3.21
0.23
3.69
6.11
9.06
9.14
9.08
7.77
5.07
1.41
-1.65
-4.95
-6.84
-8.56
-8.67
-7.20
-4.73
-1.33
1.60
4.63
7.79
9.15
9.01
8.41
6.38
3.44
1.04
-3.21
-5.49
-7.62
-8.47
-8.27
-6.67
-3.45
-0.88
2.42
5.86
7.90
9.41
9.68
8.19
5.45
2.42
-0.78
-3.38
-6.06
-7.82
-8.95
-7.38
-5.43
-2.99
0.14
4.16
7.05
9.08
9.06
9.11
7.93
4.52
1.88
-1.73
-4.60
-6.57
-8.56
-8.76
-6.81
-4.83
-1.59
1.22
4.37
7.44
9.25
9.72
8.86
6.73
3.54
0.58
-2.49
-5.91
-7.29
-8.44
-8.48
-6.95
-3.43
-0.63
2.18
5.29
8.19
9.30
9.56
7.95
5.79
3.17
-0.74
-3.56

-3.30
-7.09
-8.58
-8.54
-6.70
-3.05
0.67
4.28
7.00
9.66
8.92
7.62
5.42
1.48
-2.23
-6.16
-7.66
-8.32
-7.28
-4.06
-1.02
3.59
7.00
9.18
9.90
8.57
5.53
2.14
-2.14
-4.67
-8.05
-8.05
-8.07
-5.01
-2.19
2.53
5.41
8.27
9.46
8.75
7.17
2.95
-0.88
-4.29
-6.66
-8.78
-7.82
-5.88
-2.66
1.13
4.37
7.70
8.92
8.79
7.85
3.95
0.31
-3.19
-6.49
-8.49
-8.33
-6.93
-3.76
-0.51
3.45
6.83
9.16
9.39
7.97
5.58
1.55
-2.42
-5.35
-7.88
-8.30
-7.32
-5.28
-0.81
3.02
6.50
8.75
9.54
9.05
6.59
2.95
-0.86
-4.42
-7.51
-8.72
-8.26
-6.20
-2.59
1.11
4.96
8.02
9.77
9.19
7.28
3.73

7.09
2.68
-2.50
-6.16
-8.87
-7.62
-4.06
0.03
5.38
8.48
9.54
7.09
2.99
-1.95
-5.53
-8.46
-8.16
-5.25
-0.59
4.78
8.74
9.80
7.52
3.70
-0.62
-5.65
-8.44
-7.84
-5.35
-0.40
4.29
8.45
9.19
8.42
4.12
-0.74
-4.76
-7.95
-7.83
-6.22
-0.88
3.68
7.31
9.00
8.62
5.05
0.50
-4.72
-7.58
-8.84
-6.64
-2.22
2.99
7.53
9.33
9.00
5.58
0.82
-4.60
-7.93
-8.40
-6.84
-2.34
2.34
6.91
9.56
8.44
5.73
1.04
-3.25
-7.43
-8.20
-6.92
-3.45
1.86
6.69
9.26
8.85
5.96
2.14
-2.88
-6.87
-8.98
-7.53
-3.12
1.93
6.56
9.00
9.39
6.85
2.48
-2.45
-6.41
-8.73
-7.49
-4.26
0.90
5.64
8.37

-0.67
-3.28
-5.90
-18.39
-8.05
-7.21
-5.77
-2.83
-0.03
3.92
6.27
8.54
9.49
18.97
7.01
4.65
1.49
-1.15
-4.50
-6.80
-8.70
-18.61
-6.77
-5.04
-1.81
1.66
4.58
7.64
9.20
9.84
8.56
16.27
4.23
0.45
-2.53
-5.81
-7.25
-8.30
-17.75
-6.56
-4.04
-0.67
3.03
5.63
8.00
9.25
19.03
8.37
5.79
3.22
-0.05
-4.19
-6.73
-8.15
-8.08
-18.02
-5.71
-3.16
0.84
3.42
6.71
18.94
9.21
9.56
7.20
4.89
1.48
-1.57
-5.08
-16.93
-8.82
-8.83
-7.49
-4.48
-1.88
1.17
5.08
7.02
18.92
9.25
8.24
6.62
4.26
0.81
-2.93
-5.81
-7.23
-8.16
-8.07
-16.67
-4.42
-1.09
2.31
5.98
7.67
9.73
9.10
18.56
5.86

3.23
-0.51
-3.75
-5.94
-8.32
-8.09
-7.29
-5.89
-3.15
99.00
